3 188
6091 1045 1871 -195 4329 140 904 -961 2055 3226 7412 2061 2970 366 6054 -712 4545 1591 2201 3097 6840 3884 5510 5858 4868 3266 1420 -1454 668 7018 3674 1461 1999 5675 7021 7209 6608 5154 6207 5509 4891 6786 1538 -1016 7189 7628 4319 2398 -843 7090 -786 7967 805 7549 -241 3991 6533 -1906 -1372 4525 3826 5654 1333 1700 5609 5037 588 -1182 3458 6851 -1690 4486 7476 7486 2862 2744 -1773 1724 6985 3247 4962 7831 -799 2240 1851 1338 4089 4442 -1978 -1439 7317 1324 2926 6243 -1402 7201 21 7507 1239 3162 -249 299 -605 2192 5864 1821 135 4702 2694 5159 3707 2956 -1949 4004 -797 6109 -1592 4790 -167 1425 1435 6337 -965 5222 5123 -1601 2272 7500 1262 4826 6075 1695 6375 -1418 5771 6982 4279 1653 2458 4235 -1608 7066 3430 5599 2910 5873 7690 6583 575 1813 4759 6514 5580 1578 5907 6088 6151 2404 1088 3606 -1614 -139 1930 5868 638 -1058 6278 3794 -1587 -468 3620 255 4987 7532 5102 3805 4077 288 7996 5411 802 6980 1152 4135 4517 126 -461 7351 
7796 6072 7903 3878 -912 -987 -447 -1137 519 4346 1833 1221 -280 5425 1783 4475 1864 6764 7058 6264 5082 -1487 3785 3524 144 4096 -1212 3329 -1373 3578 2669 6382 2459 2818 -1850 -1818 3904 1950 211 -25 2839 283 1986 3827 -66 1919 3362 6787 911 -1 5198 4709 623 2139 3984 2131 1442 7483 5657 1315 4047 6744 -1879 6269 2894 -269 1068 6520 -291 999 5940 5929 1384 -402 1661 2929 3388 2262 176 5043 4240 1584 -232 1401 1261 7281 7511 3477 6711 1034 7980 920 804 4618 -490 5039 -90 3701 6982 3832 704 3867 -1077 2646 513 5492 2166 2032 -1921 7967 1951 4349 -1150 4660 6623 2679 -1361 -673 -1347 3510 1565 2649 3104 6870 -169 -110 3818 4839 1012 5413 4597 3643 1680 6210 -756 5646 -83 4200 -1430 966 6746 1719 7838 540 7771 7695 5887 -1681 7047 2686 5806 3110 -695 5922 1880 3289 4525 3703 -2000 5659 5170 2270 7969 665 3090 5986 -521 1347 3890 6188 122 6219 180 1845 4317 3150 2829 5780 7539 7908 5860 -1084 3165 4385 5149 4550 6953 -436 
5763 761 -1885 7812 2065 7403 3782 583 681 1063 2719 -359 4508 3789 5960 6383 6563 7241 4149 1593 6929 6442 4062 4522 4555 3736 2882 5685 3481 3798 7566 7945 3376 7190 4837 3677 -141 39 510 -1184 -1709 7434 5638 6601 2183 -194 3451 -919 3899 611 6359 7336 236 5953 5342 -482 2891 -633 1624 4309 5040 5737 -33 7322 931 -774 3392 -1154 7200 2150 -1057 4946 4581 3784 7484 -1590 -1015 -147 7701 6252 4368 5215 1633 6127 7131 3856 1405 2609 6475 7570 -961 5239 5899 7079 -1302 2070 -1857 -1404 6086 6490 6521 1573 6541 280 -636 5818 4873 2112 1857 6734 6186 -484 840 -203 1547 6200 193 2644 1051 2405 2738 2847 3136 6291 1356 7424 6614 4014 5773 -464 5081 6435 6772 -14 1497 -348 -1988 1047 -1953 1754 7854 2648 5169 6645 3669 2846 7225 6973 4959 5453 7212 2984 6379 341 -1550 859 5678 3434 7611 -1655 7952 2751 3869 2361 3684 7366 7195 6984 6789 7387 5084 -354 -401 6596 6947 -1147 6950 2637 4551 4167 1512 2092 -1740 -1303 5079 2020 4132 7422 
1617 5614 2010 2544 -782 2355 6833 1254 1853 469 6368 -403 -1187 -1386 6997 6913 6995 5853 7746 4389 4222 -483 5429 -441 4891 5418 3647 1018 7174 6815 4989 3679 -841 7097 6799 7242 3414 -1022 -355 2765 6182 -1016 4626 5596 3111 -1421 2351 2636 2757 -1696 4125 817 1507 4923 4647 596 7240 -92 1928 6254 5994 -1864 -1870 7456 7488 2224 4515 1406 5310 633 -766 -399 -1415 -1021 4681 -810 426 -1797 7075 62 1281 5528 -1520 1171 -615 2344 1849 -82 2200 6364 3095 3846 3099 5349 4947 4377 5536 927 -1619 25 1658 -1252 -921 487 -978 -832 1873 -1808 2360 7644 6694 2280 769 1162 5802 1791 641 7063 -594 -356 207 -1861 7594 3303 6387 5576 6369 1855 5588 1625 6327 146 5965 2526 4777 212 5188 2049 493 6013 6491 2406 5252 -719 3555 7652 2790 -1781 1410 1314 4538 4071 825 -1868 -162 2631 1342 -1546 7835 2560 6125 1863 2539 1065 7331 2685 -1772 363 1750 6959 6556 1733 4175 3779 7090 1069 1381 1921 4720 7792 4284 6399 594 6668 -123 6797 1901 842 
1395 4745 3829 
-2428 -2278 -614 
3272 1617 4561 
793 4459 4064 
2322 3276 -819 
-1651 -1088 -4208 
-911 -4488 -1057 
188 1189 1940 
-2588 -2610 2630 
3388 -4040 -967 
1811 -3644 -1791 
4031 -1871 -1472 
-602 4323 577 
3189 -224 4545 
2777 -2253 1822 
-2222 758 3190 
-444 3964 -1165 
4383 335 76 
-4615 -775 -204 
3703 -1408 2902 
1276 4469 -1170 
-4366 3707 3977 
1191 4298 -843 
-3590 3281 1510 
-1793 4651 576 
-4507 -1337 -269 
-111 139 906 
932 -1604 -439 
-2550 4051 1566 
4729 2710 4738 
-1851 2618 1600 
1499 -135 -2985 
3230 -1365 3419 
-566 -619 2368 
582 -2761 -2411 
-785 2284 3505 
2393 2052 -1246 
4535 2205 2214 
-1250 3546 2946 
-2158 1465 -1895 
-2878 -3272 -3383 
4149 1929 2294 
2772 -2052 727 
-1739 -944 -4689 
1768 4912 566 
-2285 -3038 -4819 
-1571 -2516 1555 
-2956 -49 2870 
3310 4635 1292 
2376 3550 769 
-1730 -2762 -3274 
3452 -305 -4285 
3788 -2115 -2717 
-1342 -3354 -1190 
-1287 2048 -4006 
4785 -4004 4801 
-2666 2312 3627 
2465 -582 -2275 
-4590 -4935 2597 
1430 -3704 3051 
-3389 -1016 -4173 
1449 3765 -2506 
-3659 -1953 4050 
-4368 -2780 -1398 
-4869 118 -624 
1342 -293 -858 
-1952 2563 -3612 
-1904 1877 2366 
2405 4841 -1235 
-4154 4439 4818 
3718 -1381 4296 
2849 -3578 2266 
-2839 3059 -4563 
2296 1650 -2165 
-1597 -3243 2311 
-829 1924 2358 
-3033 -4396 2871 
-4374 -2751 2645 
578 -4828 1938 
-3787 807 -3056 
1271 -2351 -4543 
-3189 1901 1441 
4377 509 4204 
259 -2602 1354 
1052 4168 1206 
-1505 -4560 1583 
-4683 -1709 3562 
1573 1375 3970 
-1688 1320 3619 
2605 -4236 -1188 
-1005 -3683 -512 
1759 3890 2992 
-4480 -4564 1773 
1879 -2788 4097 
4499 4302 -3374 
-2711 -2263 159 
457 3570 -498 
-283 -1344 -3510 
4137 1972 3417 
-661 234 568 
-273 720 -2879 
3881 -1642 -299 
-1316 -410 1735 
-4597 -2672 3710 
668 -1175 41 
-4942 -2722 -3821 
-714 -615 2464 
-2720 -1064 2650 
-4907 -2685 3208 
-129 2303 3123 
-3371 -1900 4483 
961 438 4578 
-1619 4778 2863 
3959 -3753 2960 
-1779 4428 -1069 
2927 1240 -2523 
1951 493 -2605 
4627 -2612 -3662 
-1318 151 -3334 
602 319 -3593 
2249 2754 -4553 
-3874 3118 -82 
4961 -3836 1047 
-1589 -2932 -1504 
1936 3150 1506 
-1054 4495 3152 
-4092 -1024 2032 
1581 3868 -1327 
-1034 1694 520 
3925 1013 4761 
-4916 3526 -3093 
-3017 4165 4721 
4781 3229 2600 
-1214 2127 1040 
-4601 -187 -1108 
1340 -63 -290 
-875 3961 -2187 
-1215 -649 333 
1008 3509 2761 
-3855 -3925 -227 
-4572 -2877 1444 
-3097 3566 -2552 
-1018 -3095 2117 
4833 -4976 -1419 
-2426 -1247 -2424 
-4909 2574 2125 
-4820 -4938 -1769 
1255 -2198 -156 
4158 4646 -198 
1868 3159 -3110 
4467 -4657 -2582 
3712 2751 4967 
-139 -557 -1058 
-3525 -3614 1225 
3387 71 -1912 
921 219 -2301 
4955 197 428 
-1396 -3258 -1046 
2230 -2172 1863 
717 -2921 2375 
1079 -2816 4895 
240 -3845 -3833 
-4057 -4808 -3800 
-1001 -1279 -3464 
3164 -587 -780 
789 -2665 -4613 
-4243 584 -2846 
-572 3611 -1380 
-4917 3475 4901 
-3975 -2739 -4226 
-4610 3451 -1147 
-585 267 893 
-2060 3600 -511 
3026 4391 2288 
-41 816 2476 
-4306 2039 4314 
987 -3424 -1775 
-3811 -1590 -3356 
4557 366 -979 
-855 3303 -188 
2958 117 2972 
4430 1204 -2312 
362 -4634 -1585 
3186 4675 -3140 
2095 4850 3748 
3367 -2530 -3575 
2613 -667 3073 
2099 -4384 1282 
