22 84 1
9 11 7375
16 4 5226
18 17 617
3 20 2698
4 4 7356
20 5 5603
3 5 4204
6 10 2830
4 7 1749
10 22 1483
5 5 633
17 6 3921
10 16 8426
7 2 2799
13 10 6094
4 6 3155
1 8 3853
13 11 6124
12 22 2108
15 7 1005
19 21 6774
15 16 7980
15 13 7846
15 12 7794
8 5 2930
18 17 6806
9 21 6471
3 3 6354
11 15 6089
21 6 318
22 21 3552
18 15 1863
2 8 5135
1 20 6860
10 11 6474
17 2 5655
5 1 5786
19 19 23
11 10 7195
21 16 4162
13 13 594
5 11 3801
20 6 6991
22 16 5283
8 16 6128
18 4 5478
17 5 3510
5 16 6365
5 12 889
13 17 5167
17 14 6381
3 8 4252
4 6 3169
1 14 7909
1 2 8412
16 14 3047
2 14 5904
4 4 7123
16 9 2984
4 9 9354
6 22 426
11 20 6973
16 18 6883
5 14 7370
20 6 2147
18 8 4490
11 4 2744
4 3 7293
22 13 3038
15 18 2349
16 7 3959
8 20 5283
3 18 6107
11 21 4608
21 3 8962
6 8 692
9 3 6850
19 15 1173
5 14 7468
22 2 1633
10 13 7835
12 8 9848
11 10 1656
5 11 2324
